teamID,Home Runs Average,Home Runs Max,Home Runs Min,Home Runs STD,Home Runs Var
ANA,4.205882352941177,47.0,0.0,8.711397025384288,75.88843813387422
ARI,3.524966261808367,57.0,0.0,7.073244995217803,50.0307947623737
ATL,3.7355836849507735,51.0,0.0,7.738898430616301,59.890548919395435
BAL,3.70844327176781,53.0,0.0,7.449040079218091,55.488198101797465
BOS,3.768939393939394,54.0,0.0,7.91553992631078,62.65577232502007
CHA,4.742813918305598,44.0,0.0,9.086309912579601,82.56102782744232
CHN,3.738544474393531,64.0,0.0,7.791416920924667,60.70617763567122
CIN,3.9098250336473757,46.0,0.0,7.671573730359555,58.853043500342814
CLE,3.564766839378238,52.0,0.0,7.134411017605706,50.899820568133684
COL,3.5593869731800765,49.0,0.0,7.376345384739703,54.410471234970714
DET,3.7636363636363637,44.0,0.0,7.3076697502355525,53.40203717850774
FLO,3.6492537313432836,34.0,0.0,7.721321336426812,59.61880318035993
HOU,3.828611898016997,47.0,0.0,7.803278274501365,60.891151829305
KCA,2.7848605577689245,33.0,0.0,5.6383880168598095,31.7914194286683
LAA,3.5271629778672033,41.0,0.0,7.28784384733528,53.1126679431427
LAN,3.244979919678715,49.0,0.0,6.778788146331185,45.951968732840186
MIA,2.443298969072165,37.0,0.0,5.772848852955209,33.32578387906628
MIL,4.021216407355022,50.0,0.0,8.150382058328777,66.42872769672762
MIN,3.3608247422680413,35.0,0.0,6.531588541566213,42.661648876319056
MON,3.3596491228070176,44.0,0.0,7.171440166477361,51.42955406136484
NYA,4.31266149870801,54.0,0.0,8.876786004889444,78.79732977660112
NYN,3.152454780361757,41.0,0.0,6.600404779613463,43.56534325474424
OAK,3.6456908344733243,43.0,0.0,7.100379492668138,50.415388939902236
PHI,3.8928067700987308,58.0,0.0,8.136013032890649,66.19470807136648
PIT,3.1520861372812923,38.0,0.0,6.408364466073746,41.067135130036654
SDN,2.7708592777085927,41.0,0.0,5.8249440084963675,33.92997270211773
SEA,3.438746438746439,44.0,0.0,6.881601729508548,47.356442363575034
SFN,3.4389204545454546,73.0,0.0,7.280146386413111,53.00053140760387
SLN,3.898403483309144,49.0,0.0,8.303201281264782,68.94315151719711
TBA,3.560332871012483,46.0,0.0,6.689920436342913,44.75503544459855
TEX,3.9874843554443054,57.0,0.0,8.42167769464162,70.92465519242418
TOR,4.090418353576248,54.0,0.0,8.452006156409668,71.43640806798695
WAS,3.1695238095238096,46.0,0.0,6.752425685293051,45.59525263540533
