teamID,Strike Out Average,Strike Out Max,Strike Out Min,Strike Out STD,Strike Out Var
ANA,22.598039215686274,181.0,0.0,35.59093253758611,1266.714478895006
ARI,24.951417004048583,223.0,0.0,35.73582219362318,1277.048987854251
ATL,25.60618846694796,173.0,0.0,35.936832938489964,1291.455961648937
BAL,22.014511873350923,208.0,0.0,35.25065633366681,1242.6087719542843
BOS,22.467171717171716,187.0,0.0,35.97476195094084,1294.1834974268609
CHA,25.74130105900151,222.0,0.0,38.41848439427517,1475.9799431531649
CHN,25.43800539083558,199.0,0.0,35.69004836493596,1273.779552291468
CIN,26.061911170928667,205.0,0.0,37.04472331820765,1372.3115257225575
CLE,23.699481865284973,185.0,0.0,37.3702386109954,1396.5347338427314
COL,23.75095785440613,145.0,0.0,32.902056403475825,1082.5453155775047
DET,24.4979020979021,181.0,0.0,38.38575298215742,1473.4660320072073
FLO,26.34328358208955,187.0,0.0,38.23192470900393,1461.6800669549452
HOU,26.21529745042493,212.0,0.0,36.25757489528615,1314.6117372872843
KCA,20.98804780876494,141.0,0.0,32.70152113609903,1069.3894846147316
LAA,23.323943661971832,184.0,0.0,37.19220036899057,1383.2597682871424
LAN,23.100401606425702,170.0,0.0,31.497084206501075,992.0663135114194
MIA,25.922680412371133,170.0,0.0,36.386941816358735,1324.0095347470758
MIL,27.56152758132956,188.0,0.0,38.99546122986683,1520.645996530047
MIN,25.033873343151694,148.0,0.0,35.87227877940839,1286.8203848275937
MON,22.535087719298247,161.0,0.0,30.42812860043204,925.8710101244302
NYA,22.38113695090439,195.0,0.0,37.07369264607843,1374.4586864158898
NYN,22.976744186046513,161.0,0.0,31.68562386778096,1003.9787598904906
OAK,23.633378932968537,197.0,0.0,35.728537873346724,1276.5284185671712
PHI,25.8885754583921,199.0,0.0,38.06046700917523,1448.5991489565156
PIT,25.215343203230148,186.0,0.0,34.076882020778584,1161.2338882580627
SDN,23.557907845579077,160.0,0.0,33.094515470405724,1095.2469542209237
SEA,25.014245014245013,176.0,0.0,36.81216262969118,1355.1353174748317
SFN,23.633522727272727,147.0,0.0,30.586896683697265,935.5582487391707
SLN,24.407837445573296,167.0,0.0,32.98970059673035,1088.3203454619108
TBA,25.676837725381414,182.0,0.0,38.87715165874735,1511.4329210972417
TEX,21.97622027534418,162.0,0.0,34.72181874519211,1205.6046969739741
TOR,23.375168690958166,159.0,0.0,36.14983277416209,1306.8104095998835
WAS,25.495238095238093,199.0,0.0,38.00590648389625,1444.4489276626668
