,teamID,Runs Average,Runs Max,Runs Min,Runs STD,Runs Var
0,ANA,19.5,124.0,0.0,31.84452687080805,1014.0738916256159
1,ARI,15.62753036437247,128.0,0.0,25.891645276205875,670.3772951088739
2,ATL,16.57665260196906,130.0,0.0,27.81264208530106,773.5430597650598
3,BAL,15.441952506596307,111.0,0.0,26.466272894729574,700.4636009382973
4,BOS,16.80429292929293,123.0,0.0,29.12271141839457,848.1323203590895
5,CHA,18.394856278366113,121.0,0.0,29.114922304116966,847.6787007747677
6,CHN,15.296495956873315,146.0,0.0,25.31082806616014,640.6380173947199
7,CIN,15.570659488559892,107.0,0.0,25.471194035130566,648.7817255752709
8,CLE,15.922279792746114,134.0,0.0,27.052414340388424,731.8331216440533
9,COL,16.32183908045977,138.0,0.0,27.405520019874654,751.0625275597504
10,DET,16.84195804195804,122.0,0.0,27.61497840982802,762.5870325752676
11,FLO,16.402985074626866,125.0,0.0,28.542113670065092,814.6522527549165
12,HOU,16.18271954674221,152.0,0.0,26.768443080127042,716.5495449340013
13,KCA,15.334661354581673,136.0,0.0,25.425780217182208,646.4702996524541
14,LAA,16.6579476861167,129.0,0.0,27.942764482215196,780.798086908547
15,LAN,15.13520749665328,121.0,0.0,25.05423992850762,627.7149383952255
16,MIA,12.268041237113403,94.0,0.0,20.54668157159468,422.16612360450836
17,MIL,16.17963224893918,113.0,0.0,26.710126531985072,713.430859354653
18,MIN,17.447717231222384,112.0,0.0,26.86335722867565,721.6399615954404
19,MON,15.302631578947368,112.0,0.0,25.64963168115844,657.9036053790867
20,NYA,17.32687338501292,143.0,0.0,31.485356686622104,991.3276856838193
21,NYN,14.534883720930232,127.0,0.0,24.368308001390403,593.8144348506275
22,OAK,16.54172366621067,109.0,0.0,26.790344749917352,717.7225718194242
23,PHI,16.928067700987306,139.0,0.0,28.872047051117832,833.5951009219618
24,PIT,14.604306864064602,116.0,0.0,24.214664037969747,586.3499544717454
25,SDN,13.439601494396015,108.0,0.0,22.54183754136395,508.1344397412452
26,SEA,16.1011396011396,134.0,0.0,26.923249584172407,724.8613681716396
27,SFN,16.28125,129.0,0.0,25.871614098737034,669.3404160739689
28,SLN,17.925979680696663,137.0,0.0,28.97631412844836,839.6267804705161
29,TBA,15.904299583911234,110.0,0.0,25.64226103393277,657.5255509323468
30,TEX,16.315394242803503,133.0,0.0,28.3030175568007,801.0608028205687
31,TOR,16.79217273954116,122.0,0.0,28.027881740642105,785.5621548674192
32,WAS,14.217142857142857,119.0,0.0,24.29279279740171,590.1397818974923
