,teamID,Batting Average,Batting Average Max,Batting Average Min,Batting Average STD,Batting Average Var
0,ANA,0.22855908780566542,0.6666666666666666,0.0,0.13062827697060592,0.017063746744309334
1,ARI,0.19884081174891877,1.0,0.0,0.12763147854124407,0.01628979431462405
2,ATL,0.19262453034179838,1.0,0.0,0.13314052723382172,0.01772639999210002
3,BAL,0.20699062881600291,1.0,0.0,0.1362536536079977,0.018565058121528224
4,BOS,0.20943707085503768,1.0,0.0,0.13081602900469932,0.017112833444558335
5,CHA,0.21409834259275767,1.0,0.0,0.12755228980857103,0.016269586635409693
6,CHN,0.19279049623925487,1.0,0.0,0.1371453401001824,0.018808844311194697
7,CIN,0.1859802632950874,1.0,0.0,0.12299805484204518,0.015128521494926753
8,CLE,0.21809930625817442,1.0,0.0,0.14326632183078558,0.020525238970922233
9,COL,0.20062685057913077,1.0,0.0,0.14615007500823754,0.02135984442491346
10,DET,0.2076456375696989,1.0,0.0,0.12357433907857217,0.015270617278705928
11,FLO,0.18322308406344462,1.0,0.0,0.13339336727896414,0.01779379043402062
12,HOU,0.18828001264354463,1.0,0.0,0.14218492119323695,0.020216551814727004
13,KCA,0.2179717867492966,1.0,0.0,0.14372844964568646,0.02065786723755263
14,LAA,0.20351279806309575,0.6666666666666666,0.0,0.11389946276067167,0.012973087617169634
15,LAN,0.1909652789383295,1.0,0.0,0.13315571638439336,0.017730444805841
16,MIA,0.1776428026558917,1.0,0.0,0.1259091805316385,0.015853121742148733
17,MIL,0.1818979572222472,1.0,0.0,0.13911706895229584,0.019353558873877835
18,MIN,0.2198084597013373,1.0,0.0,0.13470254693505626,0.018144776150791034
19,MON,0.1855230785715434,1.0,0.0,0.14546844373188272,0.02116106812177593
20,NYA,0.2022255513829695,1.0,0.0,0.13722116340098298,0.018829647685119272
21,NYN,0.19054778457421515,1.0,0.0,0.1375503091058326,0.018920087535110097
22,OAK,0.198440613093031,1.0,0.0,0.12936950804477051,0.016736469611745946
23,PHI,0.19565854895258858,1.0,0.0,0.1207687387524827,0.014585088259865417
24,PIT,0.18565173193906143,1.0,0.0,0.1352331086129627,0.018287993665125367
25,SDN,0.18141247467558144,1.0,0.0,0.12263172531015672,0.015038540052545733
26,SEA,0.213965996324622,1.0,0.0,0.13759294268881925,0.018931817877768695
27,SFN,0.20177832017433178,1.0,0.0,0.14018981633962743,0.019653184605338474
28,SLN,0.20595109841386122,1.0,0.0,0.15086856650858402,0.02276132436035504
29,TBA,0.20457170230525595,1.0,0.0,0.12221672308656602,0.014936927402018359
30,TEX,0.21569764413513992,1.0,0.0,0.13800996734883653,0.019046751087626927
31,TOR,0.2008207786648489,1.0,0.0,0.1358842922360862,0.018464540876502077
32,WAS,0.19264759099320244,1.0,0.0,0.1389297351281453,0.019301471302776613
